  -0.9798767591  -1.8997310271  -2.6686372132  -3.2095834938  -3.4670532572  -3.4125226150  -3.0473342927  -2.4026645670  -1.5365840651  -0.5284973649   0.5284973676   1.5365840676   2.4026645690   3.0473342941   3.4125226156   3.4670532569   3.2095834928   2.6686372114   1.8997310248   0.9798767566
  -1.8997310271  -2.7736914583  -3.4777490223  -3.9379187765  -4.1017121187  -3.9434580318  -3.4670532566  -2.7058663412  -1.7197979295  -0.5897770070   0.5897770100   1.7197979323   2.7058663435   3.4670532582   3.9434580326   4.1017121187   3.9379187757   3.4777490207   2.7736914562   1.8997310247
  -2.6686372132  -3.4777490223  -4.1046886128  -4.4801949148  -4.5559164835  -4.3094299644  -3.7468046739  -2.9024531516  -1.8362713680  -0.6283359936   0.6283359968   1.8362713710   2.9024531541   3.7468046757   4.3094299655   4.5559164837   4.4801949142   4.1046886114   3.4777490203   2.6686372109
  -3.2095834938  -3.9379187765  -4.4801949148  -4.7733858251  -4.7741823034  -4.4635911701  -3.8492602096  -2.9652898570  -1.8695362665  -0.6386539737   0.6386539770   1.8695362696   2.9652898596   3.8492602116   4.4635911713   4.7741823038   4.7733858247   4.4801949137   3.9379187749   3.2095834918
  -3.4670532572  -4.1017121187  -4.5559164835  -4.7741823034  -4.7189492944  -4.3746563709  -3.7497811675  -2.8766312909  -1.8088924442  -0.6171559306   0.6171559338   1.8088924472   2.8766312935   3.7497811695   4.3746563722   4.7189492949   4.7741823032   4.5559164826   4.1017121172   3.4670532553
  -3.4125226150  -3.9434580318  -4.3094299644  -4.4635911701  -4.3746563709  -4.0303634475  -3.4391900343  -2.6301447721  -1.6506383575  -0.5626252888   0.5626252917   1.6506383603   2.6301447744   3.4391900362   4.0303634488   4.3746563715   4.4635911700   4.3094299637   3.9434580306   3.4125226135
  -3.0473342927  -3.4670532566  -3.7468046739  -3.8492602096  -3.7497811675  -3.4391900343  -2.9251345946  -2.2318996166  -1.3986707474  -0.4764047736   0.4764047760   1.3986707497   2.2318996186   2.9251345962   3.4391900354   3.7497811680   3.8492602096   3.7468046733   3.4670532557   3.0473342915
  -2.4026645670  -2.7058663412  -2.9024531516  -2.9652898570  -2.8766312909  -2.6301447721  -2.2318996166  -1.7002176914  -1.0643886882  -0.3623633489   0.3623633508   1.0643886900   1.7002176930   2.2318996178   2.6301447729   2.8766312913   2.9652898570   2.9024531513   2.7058663405   2.4026645661
  -1.5365840651  -1.7197979295  -1.8362713680  -1.8695362665  -1.8088924442  -1.6506383575  -1.3986707474  -1.0643886882  -0.6659044024  -0.2266300470   0.2266300482   0.6659044035   1.0643886892   1.3986707482   1.6506383581   1.8088924445   1.8695362665   1.8362713678   1.7197979291   1.5365840646
  -0.5284973649  -0.5897770070  -0.6283359936  -0.6386539737  -0.6171559306  -0.5626252888  -0.4764047736  -0.3623633489  -0.2266300470  -0.0771179730   0.0771179734   0.2266300474   0.3623633492   0.4764047738   0.5626252890   0.6171559307   0.6386539737   0.6283359935   0.5897770068   0.5284973647
   0.5284973676   0.5897770100   0.6283359968   0.6386539770   0.6171559338   0.5626252917   0.4764047760   0.3623633508   0.2266300482   0.0771179734  -0.0771179738  -0.2266300486  -0.3623633511  -0.4764047763  -0.5626252919  -0.6171559339  -0.6386539770  -0.6283359968  -0.5897770099  -0.5284973675
   1.5365840676   1.7197979323   1.8362713710   1.8695362696   1.8088924472   1.6506383603   1.3986707497   1.0643886900   0.6659044035   0.2266300474  -0.2266300486  -0.6659044046  -1.0643886910  -1.3986707505  -1.6506383608  -1.8088924474  -1.8695362696  -1.8362713708  -1.7197979319  -1.5365840671
   2.4026645690   2.7058663435   2.9024531541   2.9652898596   2.8766312935   2.6301447744   2.2318996186   1.7002176930   1.0643886892   0.3623633492  -0.3623633511  -1.0643886910  -1.7002176945  -2.2318996198  -2.6301447753  -2.8766312939  -2.9652898596  -2.9024531538  -2.7058663428  -2.4026645681
   3.0473342941   3.4670532582   3.7468046757   3.8492602116   3.7497811695   3.4391900362   2.9251345962   2.2318996178   1.3986707482   0.4764047738  -0.4764047763  -1.3986707505  -2.2318996198  -2.9251345978  -3.4391900372  -3.7497811700  -3.8492602116  -3.7468046752  -3.4670532573  -3.0473342928
   3.4125226156   3.9434580326   4.3094299655   4.4635911713   4.3746563722   4.0303634488   3.4391900354   2.6301447729   1.6506383581   0.5626252890  -0.5626252919  -1.6506383608  -2.6301447753  -3.4391900372  -4.0303634500  -4.3746563728  -4.4635911712  -4.3094299648  -3.9434580314  -3.4125226140
   3.4670532569   4.1017121187   4.5559164837   4.7741823038   4.7189492949   4.3746563715   3.7497811680   2.8766312913   1.8088924445   0.6171559307  -0.6171559339  -1.8088924474  -2.8766312939  -3.7497811700  -4.3746563728  -4.7189492954  -4.7741823036  -4.5559164828  -4.1017121172  -3.4670532551
   3.2095834928   3.9379187757   4.4801949142   4.7733858247   4.7741823032   4.4635911700   3.8492602096   2.9652898570   1.8695362665   0.6386539737  -0.6386539770  -1.8695362696  -2.9652898596  -3.8492602116  -4.4635911712  -4.7741823036  -4.7733858243  -4.4801949131  -3.9379187740  -3.2095834907
   2.6686372114   3.4777490207   4.1046886114   4.4801949137   4.5559164826   4.3094299637   3.7468046733   2.9024531513   1.8362713678   0.6283359935  -0.6283359968  -1.8362713708  -2.9024531538  -3.7468046752  -4.3094299648  -4.5559164828  -4.4801949131  -4.1046886101  -3.4777490188  -2.6686372092
   1.8997310248   2.7736914562   3.4777490203   3.9379187749   4.1017121172   3.9434580306   3.4670532557   2.7058663405   1.7197979291   0.5897770068  -0.5897770099  -1.7197979319  -2.7058663428  -3.4670532573  -3.9434580314  -4.1017121172  -3.9379187740  -3.4777490188  -2.7736914541  -1.8997310224
   0.9798767566   1.8997310247   2.6686372109   3.2095834918   3.4670532553   3.4125226135   3.0473342915   2.4026645661   1.5365840646   0.5284973647  -0.5284973675  -1.5365840671  -2.4026645681  -3.0473342928  -3.4125226140  -3.4670532551  -3.2095834907  -2.6686372092  -1.8997310224  -0.9798767541
