  -0.4925929733  -0.9776028099  -1.4430589296  -1.8774443738  -2.2699797361  -2.6108891009  -2.8916414399  -3.1051615167  -3.2460051029  -3.3104941837  -3.2968088173  -3.2050333785  -3.0371560387  -2.7970214846  -2.4902380318  -2.1240414072  -1.7071185435  -1.2493957132  -0.7617962056  -0.2559735006   0.2559735033   0.7617962082   1.2493957157   1.7071185458   2.1240414092   2.4902380336   2.7970214860   3.0371560398   3.2050333792   3.2968088175   3.3104941835   3.2460051024   3.1051615158   2.8916414386   2.6108890993   2.2699797342   1.8774443716   1.4430589272   0.9776028074   0.4925929707
  -0.9776028099  -1.4566134285  -1.9132004657  -2.3359549569  -2.7142191516  -3.0383504715  -3.2999609689  -3.4921263725  -3.6095595619  -3.6487441776  -3.6080250578  -3.4876532491  -3.2897844599  -3.0184309616  -2.6793680957  -2.2799976529  -1.8291714554  -1.3369794501  -0.8145074931  -0.2735707512   0.2735707540   0.8145074958   1.3369794527   1.8291714578   2.2799976551   2.6793680976   3.0184309632   3.2897844611   3.4876532500   3.6080250582   3.6487441776   3.6095595615   3.4921263717   3.2999609677   3.0383504700   2.7142191497   2.3359549548   1.9132004634   1.4566134261   0.9776028074
  -1.4430589296  -1.9132004657  -2.3582696856  -2.7670349340  -3.1290242946  -3.4347859515  -3.6761242438  -3.8463055811  -3.9402291235  -3.9545579949  -3.8878077614  -3.7403899605  -3.5146095633  -3.2146163876  -2.8463116063  -2.4172116004  -1.9362724529  -1.4136793445  -0.8606059781  -0.2889498906   0.2889498936   0.8606059811   1.4136793473   1.9362724555   2.4172116028   2.8463116084   3.2146163894   3.5146095647   3.7403899615   3.8878077620   3.9545579950   3.9402291233   3.8463055804   3.6761242427   3.4347859500   3.1290242928   2.7670349320   2.3582696834   1.9132004633   1.4430589271
  -1.8774443738  -2.3359549569  -2.7670349340  -3.1596975249  -3.5037187032  -3.7898923688  -4.0102615661  -4.1583200229  -4.2291790156  -4.2196954096  -4.1285576748  -3.9563277056  -3.7054373568  -3.3801397161  -2.9864162457  -2.5318420045  -2.0254121937  -1.4773342164  -0.8987902869  -0.3016763494   0.3016763525   0.8987902900   1.4773342194   2.0254121964   2.5318420070   2.9864162480   3.3801397180   3.7054373583   3.9563277067   4.1285576755   4.2196954099   4.2291790155   4.1583200223   4.0102615651   3.7898923675   3.5037187015   3.1596975230   2.7670349318   2.3359549546   1.8774443713
  -2.2699797361  -2.7142191516  -3.1290242946  -3.5037187032  -3.8283858508  -4.0941175797  -4.2932390837  -4.4195048634  -4.4682607882  -4.4365682224  -4.3232870998  -4.1291158361  -3.8565870232  -3.5100189311  -3.0954239275  -2.6203759773  -2.0938403911  -1.5259699125  -0.9278720629  -0.3113533647   0.3113533679   0.9278720661   1.5259699156   2.0938403939   2.6203759799   3.0954239298   3.5100189331   3.8565870248   4.1291158373   4.3232871006   4.4365682228   4.4682607882   4.4195048629   4.2932390829   4.0941175785   3.8283858492   3.5037187013   3.1290242925   2.7142191493   2.2699797337
  -2.6108891009  -3.0383504715  -3.4347859515  -3.7898923688  -4.0941175797  -4.3389006569  -4.5168892843  -4.6221289643  -4.6502193279  -4.5984336399  -4.4657984866  -4.2531316079  -3.9630368554  -3.5998563086  -3.1695806277  -2.6797197437  -2.1391369591  -1.5578504240  -0.9468067581  -0.3176322641   0.3176322674   0.9468067614   1.5578504272   2.1391369620   2.6797197464   3.1695806301   3.5998563107   3.9630368572   4.2531316092   4.4657984875   4.5984336404   4.6502193280   4.6221289639   4.5168892836   4.3389006558   4.0941175783   3.7898923671   3.4347859495   3.0383504694   2.6108890986
  -2.8916414399  -3.2999609689  -3.6761242438  -4.0102615661  -4.2932390837  -4.5168892843  -4.6742195030  -4.7595932644  -4.7688799376  -4.6995689525  -4.5508456862  -4.3236270673  -4.0205559220  -3.6459540995  -3.2057354179  -2.7072804540  -2.1592761354  -1.5715239528  -0.9547213783  -0.3202217318   0.3202217351   0.9547213816   1.5715239560   2.1592761384   2.7072804567   3.2057354204   3.6459541017   4.0205559238   4.3236270687   4.5508456872   4.6995689530   4.7688799378   4.7595932641   4.6742195024   4.5168892833   4.2932390824   4.0102615645   3.6761242419   3.2999609668   2.8916414377
  -3.1051615167  -3.4921263725  -3.8463055811  -4.1583200229  -4.4195048634  -4.6221289643  -4.7595932644  -4.8266031950  -4.8193108241  -4.7354231561  -4.5742738373  -4.3368564068  -4.0258181711  -3.6454147400  -3.2014262204  -2.7010370049  -2.1526819756  -1.5658627705  -0.9509384870  -0.3188958246   0.3188958279   0.9509384902   1.5658627737   2.1526819786   2.7010370076   3.2014262229   3.6454147421   4.0258181729   4.3368564082   4.5742738384   4.7354231568   4.8193108243   4.8266031948   4.7595932638   4.6221289634   4.4195048622   4.1583200214   3.8463055793   3.4921263705   3.1051615146
  -3.2460051029  -3.6095595619  -3.9402291235  -4.2291790156  -4.4682607882  -4.6502193279  -4.7688799376  -4.8193108241  -4.7979569268  -4.7027417181  -4.5331343778  -4.2901805915  -3.9764961037  -3.5962230653  -3.1549501232  -2.6595980829  -2.1182738168  -1.5400958638  -0.9349958608  -0.3135005352   0.3135005385   0.9349958640   1.5400958669   2.1182738198   2.6595980857   3.1549501256   3.5962230675   3.9764961055   4.2901805930   4.5331343788   4.7027417188   4.7979569271   4.8193108240   4.7688799372   4.6502193271   4.4682607871   4.2291790142   3.9402291219   3.6095595600   3.2460051010
  -3.3104941837  -3.6487441776  -3.9545579949  -4.2196954096  -4.4365682224  -4.5984336399  -4.6995689525  -4.7354231561  -4.7027417181  -4.5996613365  -4.4257722702  -4.1821466033  -3.8713316348  -3.4973084362  -3.0654164646  -2.5822459487  -2.0555005510  -1.4938335323  -0.9066612957  -0.3039587353   0.3039587384   0.9066612989   1.4938335353   2.0555005539   2.5822459514   3.0654164670   3.4973084383   3.8713316366   4.1821466048   4.4257722713   4.5996613372   4.7027417184   4.7354231561   4.6995689521   4.5984336392   4.4365682214   4.2196954084   3.9545579934   3.6487441759   3.3104941818
  -3.2968088173  -3.6080250578  -3.8878077614  -4.1285576748  -4.3232870998  -4.4657984866  -4.5508456862  -4.5742738373  -4.5331343778  -4.4257722702  -4.2518832040  -4.0125392630  -3.7101823161  -3.3485851701  -2.9327813114  -2.4689648262  -1.9643628163  -1.4270832990  -0.8659421760  -0.2902733690   0.2902733721   0.8659421790   1.4270833019   1.9643628191   2.4689648288   2.9327813137   3.3485851721   3.7101823178   4.0125392645   4.2518832051   4.4257722710   4.5331343781   4.5742738374   4.5508456859   4.4657984860   4.3232870989   4.1285576737   3.8878077600   3.6080250562   3.2968088156
  -3.2050333785  -3.4876532491  -3.7403899605  -3.9563277056  -4.1291158361  -4.2531316079  -4.3236270673  -4.3368564068  -4.2901805915  -4.1821466033  -4.0125392630  -3.7824042563  -3.4940416866  -3.1509701952  -2.7578624035  -2.3204531312  -1.8454225072  -1.3402567012  -0.8130895486  -0.2725288113   0.2725288142   0.8130895514   1.3402567039   1.8454225098   2.3204531335   2.7578624056   3.1509701971   3.4940416883   3.7824042577   4.0125392641   4.1821466041   4.2901805919   4.3368564069   4.3236270671   4.2531316074   4.1291158353   3.9563277046   3.7403899592   3.4876532477   3.2050333770
  -3.0371560387  -3.2897844599  -3.5146095633  -3.7054373568  -3.8565870232  -3.9630368554  -4.0205559220  -4.0258181711  -3.9764961037  -3.8713316348  -3.7101823161  -3.4940416866  -3.2250331476  -2.9063773980  -2.5423341120  -2.1381191653  -1.6997993102  -1.2341667535  -0.7485965751  -0.2508903474   0.2508903500   0.7485965777   1.2341667560   1.6997993125   2.1381191675   2.5423341141   2.9063773997   3.2250331491   3.4940416879   3.7101823171   3.8713316355   3.9764961041   4.0258181713   4.0205559218   3.9630368550   3.8565870225   3.7054373559   3.5146095622   3.2897844586   3.0371560373
  -2.7970214846  -3.0184309616  -3.2146163876  -3.3801397161  -3.5100189311  -3.5998563086  -3.6459540995  -3.6454147400  -3.5962230653  -3.4973084362  -3.3485851701  -3.1509701952  -2.9063773980  -2.6176886966  -2.2887024429  -1.9240603022  -1.5291542863  -1.1100160977  -0.6731913721  -0.2256017776   0.2256017800   0.6731913744   1.1100160999   1.5291542885   1.9240603042   2.2887024447   2.6176886982   2.9063773994   3.1509701964   3.3485851710   3.4973084369   3.5962230657   3.6454147401   3.6459540994   3.5998563083   3.5100189306   3.3801397153   3.2146163867   3.0184309605   2.7970214834
  -2.4902380318  -2.6793680957  -2.8463116063  -2.9864162457  -3.0954239275  -3.1695806277  -3.2057354179  -3.2014262204  -3.1549501232  -3.0654164646  -2.9327813114  -2.7578624035  -2.5423341120  -2.2887024429  -2.0002605992  -1.6810260924  -1.3356608371  -0.9693760801  -0.5878243836  -0.1969811964   0.1969811985   0.5878243856   0.9693760821   1.3356608390   1.6810260942   2.0002606008   2.2887024443   2.5423341133   2.7578624045   2.9327813122   3.0654164652   3.1549501235   3.2014262206   3.2057354178   3.1695806274   3.0954239270   2.9864162451   2.8463116055   2.6793680947   2.4902380308
  -2.1240414072  -2.2799976529  -2.4172116004  -2.5318420045  -2.6203759773  -2.6797197437  -2.7072804540  -2.7010370049  -2.6595980829  -2.5822459487  -2.4689648262  -2.3204531312  -2.1381191653  -1.9240603022  -1.6810260924  -1.4123661050  -1.1219636937  -0.8141572198  -0.4936505658  -0.1654150375   0.1654150392   0.4936505675   0.8141572215   1.1219636953   1.4123661064   1.6810260938   1.9240603034   2.1381191663   2.3204531320   2.4689648269   2.5822459492   2.6595980832   2.7010370050   2.7072804539   2.6797197435   2.6203759769   2.5318420039   2.4172115998   2.2799976521   2.1240414063
  -1.7071185435  -1.8291714554  -1.9362724529  -2.0254121937  -2.0938403911  -2.1391369591  -2.1592761354  -2.1526819756  -2.1182738168  -2.0555005510  -1.9643628163  -1.8454225072  -1.6997993102  -1.5291542863  -1.3356608371  -1.1219636937  -0.8911268639  -0.6465717370  -0.3920067872  -0.1313505210   0.1313505224   0.3920067885   0.6465717383   0.8911268652   1.1219636949   1.3356608382   1.5291542873   1.6997993110   1.8454225079   1.9643628169   2.0555005514   2.1182738171   2.1526819757   2.1592761354   2.1391369589   2.0938403908   2.0254121933   1.9362724523   1.8291714548   1.7071185428
  -1.2493957132  -1.3369794501  -1.4136793445  -1.4773342164  -1.5259699125  -1.5578504240  -1.5715239528  -1.5658627705  -1.5400958638  -1.4938335323  -1.4270832990  -1.3402567012  -1.2341667535  -1.1100160977  -0.9693760801  -0.8141572198  -0.6465717370  -0.4690890052  -0.2843849645  -0.0952866764   0.0952866774   0.2843849655   0.4690890062   0.6465717379   0.8141572207   0.9693760809   1.1100160984   1.2341667541   1.3402567017   1.4270832994   1.4938335326   1.5400958640   1.5658627706   1.5715239528   1.5578504239   1.5259699123   1.4773342161   1.4136793441   1.3369794496   1.2493957127
  -0.7617962056  -0.8145074931  -0.8606059781  -0.8987902869  -0.9278720629  -0.9468067581  -0.9547213783  -0.9509384870  -0.9349958608  -0.9066612957  -0.8659421760  -0.8130895486  -0.7485965751  -0.6731913721  -0.5878243836  -0.4936505658  -0.3920067872  -0.2843849645  -0.1724015598  -0.0577641492   0.0577641499   0.1724015604   0.2843849651   0.3920067877   0.4936505663   0.5878243841   0.6731913725   0.7485965755   0.8130895489   0.8659421763   0.9066612959   0.9349958609   0.9509384870   0.9547213783   0.9468067581   0.9278720628   0.8987902867   0.8606059779   0.8145074928   0.7617962053
  -0.2559735006  -0.2735707512  -0.2889498906  -0.3016763494  -0.3113533647  -0.3176322641  -0.3202217318  -0.3188958246  -0.3135005352  -0.3039587353  -0.2902733690  -0.2725288113  -0.2508903474  -0.2256017776  -0.1969811964  -0.1654150375  -0.1313505210  -0.0952866764  -0.0577641492  -0.0193540304   0.0193540306   0.0577641494   0.0952866766   0.1313505212   0.1654150377   0.1969811966   0.2256017777   0.2508903475   0.2725288114   0.2902733691   0.3039587353   0.3135005353   0.3188958246   0.3202217318   0.3176322640   0.3113533646   0.3016763493   0.2889498906   0.2735707511   0.2559735005
   0.2559735033   0.2735707540   0.2889498936   0.3016763525   0.3113533679   0.3176322674   0.3202217351   0.3188958279   0.3135005385   0.3039587384   0.2902733721   0.2725288142   0.2508903500   0.2256017800   0.1969811985   0.1654150392   0.1313505224   0.0952866774   0.0577641499   0.0193540306  -0.0193540308  -0.0577641501  -0.0952866776  -0.1313505226  -0.1654150394  -0.1969811986  -0.2256017801  -0.2508903501  -0.2725288143  -0.2902733721  -0.3039587385  -0.3135005385  -0.3188958279  -0.3202217351  -0.3176322673  -0.3113533679  -0.3016763525  -0.2889498936  -0.2735707540  -0.2559735032
   0.7617962082   0.8145074958   0.8606059811   0.8987902900   0.9278720661   0.9468067614   0.9547213816   0.9509384902   0.9349958640   0.9066612989   0.8659421790   0.8130895514   0.7485965777   0.6731913744   0.5878243856   0.4936505675   0.3920067885   0.2843849655   0.1724015604   0.0577641494  -0.0577641501  -0.1724015609  -0.2843849661  -0.3920067890  -0.4936505680  -0.5878243861  -0.6731913748  -0.7485965781  -0.8130895517  -0.8659421792  -0.9066612990  -0.9349958641  -0.9509384903  -0.9547213816  -0.9468067613  -0.9278720660  -0.8987902898  -0.8606059808  -0.8145074956  -0.7617962079
   1.2493957157   1.3369794527   1.4136793473   1.4773342194   1.5259699156   1.5578504272   1.5715239560   1.5658627737   1.5400958669   1.4938335353   1.4270833019   1.3402567039   1.2341667560   1.1100160999   0.9693760821   0.8141572215   0.6465717383   0.4690890062   0.2843849651   0.0952866766  -0.0952866776  -0.2843849661  -0.4690890071  -0.6465717392  -0.8141572223  -0.9693760828  -1.1100161006  -1.2341667566  -1.3402567044  -1.4270833023  -1.4938335356  -1.5400958671  -1.5658627738  -1.5715239560  -1.5578504270  -1.5259699154  -1.4773342191  -1.4136793469  -1.3369794523  -1.2493957152
   1.7071185458   1.8291714578   1.9362724555   2.0254121964   2.0938403939   2.1391369620   2.1592761384   2.1526819786   2.1182738198   2.0555005539   1.9643628191   1.8454225098   1.6997993125   1.5291542885   1.3356608390   1.1219636953   0.8911268652   0.6465717379   0.3920067877   0.1313505212  -0.1313505226  -0.3920067890  -0.6465717392  -0.8911268664  -1.1219636964  -1.3356608400  -1.5291542894  -1.6997993134  -1.8454225105  -1.9643628196  -2.0555005543  -2.1182738200  -2.1526819787  -2.1592761384  -2.1391369618  -2.0938403937  -2.0254121960  -1.9362724550  -1.8291714572  -1.7071185451
   2.1240414092   2.2799976551   2.4172116028   2.5318420070   2.6203759799   2.6797197464   2.7072804567   2.7010370076   2.6595980857   2.5822459514   2.4689648288   2.3204531335   2.1381191675   1.9240603042   1.6810260942   1.4123661064   1.1219636949   0.8141572207   0.4936505663   0.1654150377  -0.1654150394  -0.4936505680  -0.8141572223  -1.1219636964  -1.4123661079  -1.6810260955  -1.9240603054  -2.1381191685  -2.3204531344  -2.4689648294  -2.5822459519  -2.6595980860  -2.7010370078  -2.7072804567  -2.6797197462  -2.6203759795  -2.5318420064  -2.4172116021  -2.2799976543  -2.1240414084
   2.4902380336   2.6793680976   2.8463116084   2.9864162480   3.0954239298   3.1695806301   3.2057354204   3.2014262229   3.1549501256   3.0654164670   2.9327813137   2.7578624056   2.5423341141   2.2887024447   2.0002606008   1.6810260938   1.3356608382   0.9693760809   0.5878243841   0.1969811966  -0.1969811986  -0.5878243861  -0.9693760828  -1.3356608400  -1.6810260955  -2.0002606024  -2.2887024461  -2.5423341153  -2.7578624067  -2.9327813145  -3.0654164675  -3.1549501260  -3.2014262230  -3.2057354203  -3.1695806298  -3.0954239293  -2.9864162473  -2.8463116076  -2.6793680967  -2.4902380326
   2.7970214860   3.0184309632   3.2146163894   3.3801397180   3.5100189331   3.5998563107   3.6459541017   3.6454147421   3.5962230675   3.4973084383   3.3485851721   3.1509701971   2.9063773997   2.6176886982   2.2887024443   1.9240603034   1.5291542873   1.1100160984   0.6731913725   0.2256017777  -0.2256017801  -0.6731913748  -1.1100161006  -1.5291542894  -1.9240603054  -2.2887024461  -2.6176886998  -2.9063774011  -3.1509701983  -3.3485851730  -3.4973084390  -3.5962230678  -3.6454147423  -3.6459541015  -3.5998563104  -3.5100189325  -3.3801397172  -3.2146163884  -3.0184309621  -2.7970214848
   3.0371560398   3.2897844611   3.5146095647   3.7054373583   3.8565870248   3.9630368572   4.0205559238   4.0258181729   3.9764961055   3.8713316366   3.7101823178   3.4940416883   3.2250331491   2.9063773994   2.5423341133   2.1381191663   1.6997993110   1.2341667541   0.7485965755   0.2508903475  -0.2508903501  -0.7485965781  -1.2341667566  -1.6997993134  -2.1381191685  -2.5423341153  -2.9063774011  -3.2250331507  -3.4940416895  -3.7101823188  -3.8713316373  -3.9764961060  -4.0258181731  -4.0205559236  -3.9630368567  -3.8565870241  -3.7054373574  -3.5146095636  -3.2897844598  -3.0371560384
   3.2050333792   3.4876532500   3.7403899615   3.9563277067   4.1291158373   4.2531316092   4.3236270687   4.3368564082   4.2901805930   4.1821466048   4.0125392645   3.7824042577   3.4940416879   3.1509701964   2.7578624045   2.3204531320   1.8454225079   1.3402567017   0.8130895489   0.2725288114  -0.2725288143  -0.8130895517  -1.3402567044  -1.8454225105  -2.3204531344  -2.7578624067  -3.1509701983  -3.4940416895  -3.7824042590  -4.0125392655  -4.1821466055  -4.2901805934  -4.3368564083  -4.3236270685  -4.2531316087  -4.1291158365  -3.9563277057  -3.7403899602  -3.4876532486  -3.2050333777
   3.2968088175   3.6080250582   3.8878077620   4.1285576755   4.3232871006   4.4657984875   4.5508456872   4.5742738384   4.5331343788   4.4257722713   4.2518832051   4.0125392641   3.7101823171   3.3485851710   2.9327813122   2.4689648269   1.9643628169   1.4270832994   0.8659421763   0.2902733691  -0.2902733721  -0.8659421792  -1.4270833023  -1.9643628196  -2.4689648294  -2.9327813145  -3.3485851730  -3.7101823188  -4.0125392655  -4.2518832062  -4.4257722721  -4.5331343792  -4.5742738384  -4.5508456869  -4.4657984869  -4.3232870997  -4.1285576744  -3.8878077606  -3.6080250566  -3.2968088158
   3.3104941835   3.6487441776   3.9545579950   4.2196954099   4.4365682228   4.5984336404   4.6995689530   4.7354231568   4.7027417188   4.5996613372   4.4257722710   4.1821466041   3.8713316355   3.4973084369   3.0654164652   2.5822459492   2.0555005514   1.4938335326   0.9066612959   0.3039587353  -0.3039587385  -0.9066612990  -1.4938335356  -2.0555005543  -2.5822459519  -3.0654164675  -3.4973084390  -3.8713316373  -4.1821466055  -4.4257722721  -4.5996613379  -4.7027417191  -4.7354231567  -4.6995689527  -4.5984336397  -4.4365682218  -4.2196954086  -3.9545579935  -3.6487441759  -3.3104941817
   3.2460051024   3.6095595615   3.9402291233   4.2291790155   4.4682607882   4.6502193280   4.7688799378   4.8193108243   4.7979569271   4.7027417184   4.5331343781   4.2901805919   3.9764961041   3.5962230657   3.1549501235   2.6595980832   2.1182738171   1.5400958640   0.9349958609   0.3135005353  -0.3135005385  -0.9349958641  -1.5400958671  -2.1182738200  -2.6595980860  -3.1549501260  -3.5962230678  -3.9764961060  -4.2901805934  -4.5331343792  -4.7027417191  -4.7979569274  -4.8193108242  -4.7688799373  -4.6502193272  -4.4682607871  -4.2291790141  -3.9402291216  -3.6095595596  -3.2460051004
   3.1051615158   3.4921263717   3.8463055804   4.1583200223   4.4195048629   4.6221289639   4.7595932641   4.8266031948   4.8193108240   4.7354231561   4.5742738374   4.3368564069   4.0258181713   3.6454147401   3.2014262206   2.7010370050   2.1526819757   1.5658627706   0.9509384870   0.3188958246  -0.3188958279  -0.9509384903  -1.5658627738  -2.1526819787  -2.7010370078  -3.2014262230  -3.6454147423  -4.0258181731  -4.3368564083  -4.5742738384  -4.7354231567  -4.8193108242  -4.8266031946  -4.7595932636  -4.6221289630  -4.4195048617  -4.1583200208  -3.8463055786  -3.4921263697  -3.1051615137
   2.8916414386   3.2999609677   3.6761242427   4.0102615651   4.2932390829   4.5168892836   4.6742195024   4.7595932638   4.7688799372   4.6995689521   4.5508456859   4.3236270671   4.0205559218   3.6459540994   3.2057354178   2.7072804539   2.1592761354   1.5715239528   0.9547213783   0.3202217318  -0.3202217351  -0.9547213816  -1.5715239560  -2.1592761384  -2.7072804567  -3.2057354203  -3.6459541015  -4.0205559236  -4.3236270685  -4.5508456869  -4.6995689527  -4.7688799373  -4.7595932636  -4.6742195017  -4.5168892826  -4.2932390815  -4.0102615635  -3.6761242408  -3.2999609656  -2.8916414364
   2.6108890993   3.0383504700   3.4347859500   3.7898923675   4.0941175785   4.3389006558   4.5168892833   4.6221289634   4.6502193271   4.5984336392   4.4657984860   4.2531316074   3.9630368550   3.5998563083   3.1695806274   2.6797197435   2.1391369589   1.5578504239   0.9468067581   0.3176322640  -0.3176322673  -0.9468067613  -1.5578504270  -2.1391369618  -2.6797197462  -3.1695806298  -3.5998563104  -3.9630368567  -4.2531316087  -4.4657984869  -4.5984336397  -4.6502193272  -4.6221289630  -4.5168892826  -4.3389006547  -4.0941175771  -3.7898923658  -3.4347859481  -3.0383504678  -2.6108890970
   2.2699797342   2.7142191497   3.1290242928   3.5037187015   3.8283858492   4.0941175783   4.2932390824   4.4195048622   4.4682607871   4.4365682214   4.3232870989   4.1291158353   3.8565870225   3.5100189306   3.0954239270   2.6203759769   2.0938403908   1.5259699123   0.9278720628   0.3113533646  -0.3113533679  -0.9278720660  -1.5259699154  -2.0938403937  -2.6203759795  -3.0954239293  -3.5100189325  -3.8565870241  -4.1291158365  -4.3232870997  -4.4365682218  -4.4682607871  -4.4195048617  -4.2932390815  -4.0941175771  -3.8283858477  -3.5037186997  -3.1290242907  -2.7142191475  -2.2699797318
   1.8774443716   2.3359549548   2.7670349320   3.1596975230   3.5037187013   3.7898923671   4.0102615645   4.1583200214   4.2291790142   4.2196954084   4.1285576737   3.9563277046   3.7054373559   3.3801397153   2.9864162451   2.5318420039   2.0254121933   1.4773342161   0.8987902867   0.3016763493  -0.3016763525  -0.8987902898  -1.4773342191  -2.0254121960  -2.5318420064  -2.9864162473  -3.3801397172  -3.7054373574  -3.9563277057  -4.1285576744  -4.2196954086  -4.2291790141  -4.1583200208  -4.0102615635  -3.7898923658  -3.5037186997  -3.1596975211  -2.7670349298  -2.3359549525  -1.8774443692
   1.4430589272   1.9132004634   2.3582696834   2.7670349318   3.1290242925   3.4347859495   3.6761242419   3.8463055793   3.9402291219   3.9545579934   3.8878077600   3.7403899592   3.5146095622   3.2146163867   2.8463116055   2.4172115998   1.9362724523   1.4136793441   0.8606059779   0.2889498906  -0.2889498936  -0.8606059808  -1.4136793469  -1.9362724550  -2.4172116021  -2.8463116076  -3.2146163884  -3.5146095636  -3.7403899602  -3.8878077606  -3.9545579935  -3.9402291216  -3.8463055786  -3.6761242408  -3.4347859481  -3.1290242907  -2.7670349298  -2.3582696811  -1.9132004610  -1.4430589247
   0.9776028074   1.4566134261   1.9132004633   2.3359549546   2.7142191493   3.0383504694   3.2999609668   3.4921263705   3.6095595600   3.6487441759   3.6080250562   3.4876532477   3.2897844586   3.0184309605   2.6793680947   2.2799976521   1.8291714548   1.3369794496   0.8145074928   0.2735707511  -0.2735707540  -0.8145074956  -1.3369794523  -1.8291714572  -2.2799976543  -2.6793680967  -3.0184309621  -3.2897844598  -3.4876532486  -3.6080250566  -3.6487441759  -3.6095595596  -3.4921263697  -3.2999609656  -3.0383504678  -2.7142191475  -2.3359549525  -1.9132004610  -1.4566134236  -0.9776028049
   0.4925929707   0.9776028074   1.4430589271   1.8774443713   2.2699797337   2.6108890986   2.8916414377   3.1051615146   3.2460051010   3.3104941818   3.2968088156   3.2050333770   3.0371560373   2.7970214834   2.4902380308   2.1240414063   1.7071185428   1.2493957127   0.7617962053   0.2559735005  -0.2559735032  -0.7617962079  -1.2493957152  -1.7071185451  -2.1240414084  -2.4902380326  -2.7970214848  -3.0371560384  -3.2050333777  -3.2968088158  -3.3104941817  -3.2460051004  -3.1051615137  -2.8916414364  -2.6108890970  -2.2699797318  -1.8774443692  -1.4430589247  -0.9776028049  -0.4925929681
