  -0.9758521458  -1.8919283288  -2.6576764136  -3.1964008847  -3.4528131515  -3.3985064811  -3.0348180840  -2.3927961875  -1.5302729076  -0.5263266863   0.5263266890   1.5302729100   2.3927961895   3.0348180853   3.3985064817   3.4528131513   3.1964008836   2.6576764119   1.8919283266   0.9758521433
  -1.8919283288  -2.7622991731  -3.4634649863  -3.9217447015  -4.0848653010  -3.9272612056  -3.4528131510  -2.6947526317  -1.7127342641  -0.5873546367   0.5873546397   1.7127342669   2.6947526340   3.4528131526   3.9272612064   4.0848653010   3.9217447007   3.4634649847   2.7622991710   1.8919283264
  -2.6576764136  -3.4634649863  -4.0878295699  -4.4617935682  -4.5372041283  -4.2917299946  -3.7314155551  -2.8905320081  -1.8287293154  -0.6257552513   0.6257552545   1.8287293184   2.8905320106   3.7314155569   4.2917299957   4.5372041285   4.4617935676   4.0878295686   3.4634649844   2.6576764113
  -3.1964008847  -3.9217447015  -4.4617935682  -4.7537802657  -4.7545734727  -4.4452580194  -3.8334502788  -2.9531106264  -1.8618575861  -0.6360308528   0.6360308561   1.8618575892   2.9531106290   3.8334502808   4.4452580206   4.7545734731   4.7537802653   4.4617935670   3.9217446999   3.1964008826
  -3.4528131515  -4.0848653010  -4.5372041283  -4.7545734727  -4.6995673203  -4.3566884990  -3.7343798235  -2.8648162046  -1.8014628440  -0.6146211078   0.6146211110   1.8014628470   2.8648162071   3.7343798254   4.3566885003   4.6995673208   4.7545734725   4.5372041274   4.0848652996   3.4528131497
  -3.3985064811  -3.9272612056  -4.2917299946  -4.4452580194  -4.3566884990  -4.0138096778  -3.4250643703  -2.6193420711  -1.6438587488  -0.5603144378   0.5603144407   1.6438587515   2.6193420735   3.4250643721   4.0138096790   4.3566884996   4.4452580193   4.2917299939   3.9272612044   3.3985064796
  -3.0348180840  -3.4528131510  -3.7314155551  -3.8334502788  -3.7343798235  -3.4250643703  -2.9131202924  -2.2227326140  -1.3929260363  -0.4744480530   0.4744480555   1.3929260386   2.2227326160   2.9131202939   3.4250643714   3.7343798240   3.8334502788   3.7314155546   3.4528131500   3.0348180828
  -2.3927961875  -2.6947526317  -2.8905320081  -2.9531106264  -2.8648162046  -2.6193420711  -2.2227326140  -1.6932344472  -1.0600169621  -0.3608750267   0.3608750286   1.0600169639   1.6932344488   2.2227326152   2.6193420720   2.8648162050   2.9531106265   2.8905320077   2.6947526311   2.3927961866
  -1.5302729076  -1.7127342641  -1.8287293154  -1.8618575861  -1.8014628440  -1.6438587488  -1.3929260363  -1.0600169621  -0.6631693567  -0.2256992174   0.2256992186   0.6631693578   1.0600169631   1.3929260371   1.6438587493   1.8014628443   1.8618575861   1.8287293152   1.7127342637   1.5302729070
  -0.5263266863  -0.5873546367  -0.6257552513  -0.6360308528  -0.6146211078  -0.5603144378  -0.4744480530  -0.3608750267  -0.2256992174  -0.0768012291   0.0768012295   0.2256992178   0.3608750270   0.4744480533   0.5603144380   0.6146211079   0.6360308528   0.6257552512   0.5873546365   0.5263266861
   0.5263266890   0.5873546397   0.6257552545   0.6360308561   0.6146211110   0.5603144407   0.4744480555   0.3608750286   0.2256992186   0.0768012295  -0.0768012299  -0.2256992190  -0.3608750289  -0.4744480558  -0.5603144409  -0.6146211111  -0.6360308561  -0.6257552545  -0.5873546396  -0.5263266888
   1.5302729100   1.7127342669   1.8287293184   1.8618575892   1.8014628470   1.6438587515   1.3929260386   1.0600169639   0.6631693578   0.2256992178  -0.2256992190  -0.6631693589  -1.0600169648  -1.3929260394  -1.6438587520  -1.8014628472  -1.8618575892  -1.8287293182  -1.7127342665  -1.5302729095
   2.3927961895   2.6947526340   2.8905320106   2.9531106290   2.8648162071   2.6193420735   2.2227326160   1.6932344488   1.0600169631   0.3608750270  -0.3608750289  -1.0600169648  -1.6932344503  -2.2227326172  -2.6193420743  -2.8648162076  -2.9531106291  -2.8905320102  -2.6947526334  -2.3927961886
   3.0348180853   3.4528131526   3.7314155569   3.8334502808   3.7343798254   3.4250643721   2.9131202939   2.2227326152   1.3929260371   0.4744480533  -0.4744480558  -1.3929260394  -2.2227326172  -2.9131202955  -3.4250643732  -3.7343798260  -3.8334502808  -3.7314155564  -3.4528131517  -3.0348180841
   3.3985064817   3.9272612064   4.2917299957   4.4452580206   4.3566885003   4.0138096790   3.4250643714   2.6193420720   1.6438587493   0.5603144380  -0.5603144409  -1.6438587520  -2.6193420743  -3.4250643732  -4.0138096802  -4.3566885008  -4.4452580205  -4.2917299950  -3.9272612052  -3.3985064801
   3.4528131513   4.0848653010   4.5372041285   4.7545734731   4.6995673208   4.3566884996   3.7343798240   2.8648162050   1.8014628443   0.6146211079  -0.6146211111  -1.8014628472  -2.8648162076  -3.7343798260  -4.3566885008  -4.6995673213  -4.7545734729  -4.5372041276  -4.0848652996  -3.4528131494
   3.1964008836   3.9217447007   4.4617935676   4.7537802653   4.7545734725   4.4452580193   3.8334502788   2.9531106265   1.8618575861   0.6360308528  -0.6360308561  -1.8618575892  -2.9531106291  -3.8334502808  -4.4452580205  -4.7545734729  -4.7537802649  -4.4617935664  -3.9217446990  -3.1964008815
   2.6576764119   3.4634649847   4.0878295686   4.4617935670   4.5372041274   4.2917299939   3.7314155546   2.8905320077   1.8287293152   0.6257552512  -0.6257552545  -1.8287293182  -2.8905320102  -3.7314155564  -4.2917299950  -4.5372041276  -4.4617935664  -4.0878295672  -3.4634649828  -2.6576764096
   1.8919283266   2.7622991710   3.4634649844   3.9217446999   4.0848652996   3.9272612044   3.4528131500   2.6947526311   1.7127342637   0.5873546365  -0.5873546396  -1.7127342665  -2.6947526334  -3.4528131517  -3.9272612052  -4.0848652996  -3.9217446990  -3.4634649828  -2.7622991690  -1.8919283241
   0.9758521433   1.8919283264   2.6576764113   3.1964008826   3.4528131497   3.3985064796   3.0348180828   2.3927961866   1.5302729070   0.5263266861  -0.5263266888  -1.5302729095  -2.3927961886  -3.0348180841  -3.3985064801  -3.4528131494  -3.1964008815  -2.6576764096  -1.8919283241  -0.9758521408
