  -0.4920867026  -0.9765980622  -1.4415758016  -1.8755147989  -2.2676467264  -2.6082057159  -2.8886695070  -3.1019701350  -3.2426689668  -3.3070917678  -3.2934204668  -3.2017393518  -3.0340345507  -2.7941467989  -2.4876786480  -2.1218583881  -1.7053640238  -1.2481116258  -0.7610132568  -0.2557104196   0.2557104222   0.7610132594   1.2481116283   1.7053640261   2.1218583901   2.4876786498   2.7941468003   3.0340345518   3.2017393525   3.2934204670   3.3070917677   3.2426689663   3.1019701340   2.8886695057   2.6082057143   2.2676467245   1.8755147967   1.4415757992   0.9765980597   0.4920867000
  -0.9765980622  -1.4551163697  -1.9112341419  -2.3335541401  -2.7114295674  -3.0352277560  -3.2965693787  -3.4885372811  -3.6058497766  -3.6449941197  -3.6043168496  -3.4840687551  -3.2864033288  -3.0153287186  -2.6766143302  -2.2776543471  -1.8272914938  -1.3356053470  -0.8136703693  -0.2732895843   0.2732895871   0.8136703721   1.3356053497   1.8272914962   2.2776543493   2.6766143322   3.0153287202   3.2864033300   3.4840687559   3.6043168500   3.6449941197   3.6058497761   3.4885372803   3.2965693775   3.0352277544   2.7114295655   2.3335541380   1.9112341396   1.4551163672   0.9765980597
  -1.4415758016  -1.9112341419  -2.3558459345  -2.7641910675  -3.1258083874  -3.4312557927  -3.6723460455  -3.8423524761  -3.9361794871  -3.9504936317  -3.8838120019  -3.7365457120  -3.5109973644  -3.2113125118  -2.8433862618  -2.4147272707  -1.9342824164  -1.4122264119  -0.8597214759  -0.2886529175   0.2886529205   0.8597214789   1.4122264147   1.9342824190   2.4147272731   2.8433862639   3.2113125135   3.5109973658   3.7365457130   3.8838120024   3.9504936318   3.9361794868   3.8423524754   3.6723460444   3.4312557912   3.1258083857   2.7641910655   2.3558459322   1.9112341395   1.4415757991
  -1.8755147989  -2.3335541401  -2.7641910675  -3.1564500929  -3.5001176976  -3.7859972434  -4.0061399526  -4.1540462398  -4.2248324060  -4.2153585470  -4.1243144805  -3.9522615236  -3.7016290315  -3.3766657209  -2.9833469064  -2.5292398614  -2.0233305424  -1.4758158614  -0.8978665401  -0.3013662965   0.3013662996   0.8978665432   1.4758158644   2.0233305451   2.5292398639   2.9833469086   3.3766657228   3.7016290330   3.9522615247   4.1243144812   4.2153585473   4.2248324059   4.1540462392   4.0061399516   3.7859972421   3.5001176959   3.1564500910   2.7641910653   2.3335541378   1.8755147964
  -2.2676467264  -2.7114295674  -3.1258083874  -3.5001176976  -3.8244511631  -4.0899097818  -4.2888266353  -4.4149626432  -4.4636684583  -4.4320084651  -4.3188437691  -4.1248720681  -3.8526233513  -3.5064114504  -3.0922425537  -2.6176828420  -2.0916884115  -1.5244015714  -0.9269184269  -0.3110333660   0.3110333693   0.9269184300   1.5244015744   2.0916884144   2.6176828446   3.0922425560   3.5064114524   3.8526233529   4.1248720694   4.3188437699   4.4320084655   4.4636684583   4.4149626428   4.2888266345   4.0899097806   3.8244511615   3.5001176957   3.1258083854   2.7114295651   2.2676467240
  -2.6082057159  -3.0352277560  -3.4312557927  -3.7859972434  -4.0899097818  -4.3344412791  -4.5122469757  -4.6173784938  -4.6454399871  -4.5937075227  -4.4612086874  -4.2487603807  -3.9589637779  -3.5961564960  -3.1663230381  -2.6769656169  -2.1369384252  -1.5562493172  -0.9458336616  -0.3173058122   0.3173058155   0.9458336649   1.5562493203   2.1369384282   2.6769656196   3.1663230405   3.5961564981   3.9589637796   4.2487603820   4.4612086883   4.5937075231   4.6454399871   4.6173784935   4.5122469750   4.3344412780   4.0899097804   3.7859972417   3.4312557907   3.0352277538   2.6082057136
  -2.8886695070  -3.2965693787  -3.6723460455  -4.0061399526  -4.2888266353  -4.5122469757  -4.6694154956  -4.7547015127  -4.7639786414  -4.6947388917  -4.5461684783  -4.3191833872  -4.0164237283  -3.6422069091  -3.2024406697  -2.7044980012  -2.1570569032  -1.5699087928  -0.9537401475  -0.3198926185   0.3198926219   0.9537401507   1.5699087959   2.1570569062   2.7044980039   3.2024406721   3.6422069113   4.0164237301   4.3191833886   4.5461684793   4.6947388923   4.7639786415   4.7547015124   4.6694154950   4.5122469747   4.2888266340   4.0061399510   3.6723460436   3.2965693766   2.8886695048
  -3.1019701350  -3.4885372811  -3.8423524761  -4.1540462398  -4.4149626432  -4.6173784938  -4.7547015127  -4.8216425727  -4.8143576966  -4.7305562456  -4.5695725507  -4.3323991300  -4.0216805691  -3.6416681039  -3.1981359010  -2.6982609689  -2.1504695207  -1.5642534288  -0.9499611440  -0.3185680741   0.3185680774   0.9499611473   1.5642534320   2.1504695236   2.6982609716   3.1981359035   3.6416681061   4.0216805709   4.3323991314   4.5695725518   4.7305562463   4.8143576969   4.8216425725   4.7547015121   4.6173784929   4.4149626420   4.1540462383   3.8423524743   3.4885372791   3.1019701329
  -3.2426689668  -3.6058497766  -3.9361794871  -4.2248324060  -4.4636684583  -4.6454399871  -4.7639786414  -4.8143576966  -4.7930257462  -4.6979083965  -4.5284753730  -4.2857712865  -3.9724091932  -3.5925269868  -3.1517075703  -2.6568646365  -2.1160967254  -1.5385130045  -0.9340349032  -0.3131783298   0.3131783331   0.9340349064   1.5385130076   2.1160967284   2.6568646392   3.1517075728   3.5925269890   3.9724091951   4.2857712880   4.5284753740   4.6979083972   4.7930257465   4.8143576966   4.7639786409   4.6454399863   4.4636684572   4.2248324047   3.9361794854   3.6058497747   3.2426689648
  -3.3070917678  -3.6449941197  -3.9504936317  -4.2153585470  -4.4320084651  -4.5937075227  -4.6947388917  -4.7305562456  -4.6979083965  -4.5949339575  -4.4212236087  -4.1778483321  -3.8673528089  -3.4937140189  -3.0622659314  -2.5795920022  -2.0533879759  -1.4922982199  -0.9057294594  -0.3036463366   0.3036463398   0.9057294625   1.4922982229   2.0533879787   2.5795920049   3.0622659338   3.4937140210   3.8673528107   4.1778483335   4.4212236097   4.5949339582   4.6979083969   4.7305562456   4.6947388914   4.5937075220   4.4320084641   4.2153585457   3.9504936302   3.6449941180   3.3070917660
  -3.2934204668  -3.6043168496  -3.8838120019  -4.1243144805  -4.3188437691  -4.4612086874  -4.5461684783  -4.5695725507  -4.5284753730  -4.4212236087  -4.2475132598  -4.0084153086  -3.7063691141  -3.3451436056  -2.9297670963  -2.4664273063  -1.9623439096  -1.4256165902  -0.8650521894  -0.2899750357   0.2899750387   0.8650521924   1.4256165931   1.9623439123   2.4664273088   2.9297670986   3.3451436076   3.7063691158   4.0084153100   4.2475132609   4.4212236094   4.5284753734   4.5695725508   4.5461684780   4.4612086868   4.3188437682   4.1243144794   3.8838120005   3.6043168480   3.2934204651
  -3.2017393518  -3.4840687551  -3.7365457120  -3.9522615236  -4.1248720681  -4.2487603807  -4.3191833872  -4.3323991300  -4.2857712865  -4.1778483321  -4.0084153086  -3.7785168270  -3.4904506267  -3.1477317328  -2.7550279642  -2.3180682466  -1.8435258434  -1.3388792299  -0.8122538822  -0.2722487153   0.2722487181   0.8122538850   1.3388792326   1.8435258459   2.3180682490   2.7550279663   3.1477317347   3.4904506284   3.7785168283   4.0084153096   4.1778483328   4.2857712870   4.3323991301   4.3191833869   4.2487603802   4.1248720674   3.9522615225   3.7365457108   3.4840687537   3.2017393503
  -3.0340345507  -3.2864033288  -3.5109973644  -3.7016290315  -3.8526233513  -3.9589637779  -4.0164237283  -4.0216805691  -3.9724091932  -3.8673528089  -3.7063691141  -3.4904506267  -3.2217185657  -2.9033903199  -2.5397211856  -2.1359216775  -1.6980523130  -1.2328983179  -0.7478271925  -0.2506324906   0.2506324932   0.7478271950   1.2328983204   1.6980523153   2.1359216797   2.5397211876   2.9033903217   3.2217185673   3.4904506280   3.7063691150   3.8673528096   3.9724091937   4.0216805692   4.0164237281   3.9589637775   3.8526233506   3.7016290306   3.5109973634   3.2864033275   3.0340345493
  -2.7941467989  -3.0153287186  -3.2113125118  -3.3766657209  -3.5064114504  -3.5961564960  -3.6422069091  -3.6416681039  -3.5925269868  -3.4937140189  -3.3451436056  -3.1477317328  -2.9033903199  -2.6149983232  -2.2863501906  -1.9220828170  -1.5275826724  -1.1088752600  -0.6724994884  -0.2253699116   0.2253699139   0.6724994907   1.1088752623   1.5275826745   1.9220828190   2.2863501924   2.6149983248   2.9033903213   3.1477317340   3.3451436065   3.4937140195   3.5925269872   3.6416681040   3.6422069090   3.5961564957   3.5064114498   3.3766657201   3.2113125108   3.0153287175   2.7941467977
  -2.4876786480  -2.6766143302  -2.8433862618  -2.9833469064  -3.0922425537  -3.1663230381  -3.2024406697  -3.1981359010  -3.1517075703  -3.0622659314  -2.9297670963  -2.7550279642  -2.5397211856  -2.2863501906  -1.9982047979  -1.6792983897  -1.3342880893  -0.9683797876  -0.5872202372  -0.1967787457   0.1967787477   0.5872202393   0.9683797895   1.3342880912   1.6792983915   1.9982047995   2.2863501920   2.5397211868   2.7550279652   2.9297670971   3.0622659320   3.1517075707   3.1981359011   3.2024406696   3.1663230378   3.0922425532   2.9833469058   2.8433862610   2.6766143293   2.4876786470
  -2.1218583881  -2.2776543471  -2.4147272707  -2.5292398614  -2.6176828420  -2.6769656169  -2.7044980012  -2.6982609689  -2.6568646365  -2.5795920022  -2.4664273063  -2.3180682466  -2.1359216775  -1.9220828170  -1.6792983897  -1.4109145220  -1.1208105767  -0.8133204561  -0.4931432082  -0.1652450294   0.1652450311   0.4931432099   0.8133204578   1.1208105783   1.4109145235   1.6792983911   1.9220828182   2.1359216785   2.3180682474   2.4664273069   2.5795920027   2.6568646368   2.6982609690   2.7044980011   2.6769656166   2.6176828416   2.5292398609   2.4147272700   2.2776543463   2.1218583872
  -1.7053640238  -1.8272914938  -1.9342824164  -2.0233305424  -2.0916884115  -2.1369384252  -2.1570569032  -2.1504695207  -2.1160967254  -2.0533879759  -1.9623439096  -1.8435258434  -1.6980523130  -1.5275826724  -1.3342880893  -1.1208105767  -0.8902109934  -0.6459072120  -0.3916038956  -0.1312155233   0.1312155247   0.3916038970   0.6459072133   0.8902109946   1.1208105779   1.3342880904   1.5275826733   1.6980523138   1.8435258440   1.9623439101   2.0533879763   2.1160967257   2.1504695208   2.1570569032   2.1369384251   2.0916884112   2.0233305419   1.9342824159   1.8272914932   1.7053640231
  -1.2481116258  -1.3356053470  -1.4122264119  -1.4758158614  -1.5244015714  -1.5562493172  -1.5699087928  -1.5642534288  -1.5385130045  -1.4922982199  -1.4256165902  -1.3388792299  -1.2328983179  -1.1088752600  -0.9683797876  -0.8133204561  -0.6459072120  -0.4686068911  -0.2840926831  -0.0951887439   0.0951887449   0.2840926841   0.4686068921   0.6459072129   0.8133204570   0.9683797884   1.1088752607   1.2328983185   1.3388792304   1.4256165906   1.4922982202   1.5385130046   1.5642534289   1.5699087928   1.5562493170   1.5244015712   1.4758158611   1.4122264115   1.3356053466   1.2481116253
  -0.7610132568  -0.8136703693  -0.8597214759  -0.8978665401  -0.9269184269  -0.9458336616  -0.9537401475  -0.9499611440  -0.9340349032  -0.9057294594  -0.8650521894  -0.8122538822  -0.7478271925  -0.6724994884  -0.5872202372  -0.4931432082  -0.3916038956  -0.2840926831  -0.1722243712  -0.0577047812   0.0577047818   0.1722243718   0.2840926837   0.3916038962   0.4931432087   0.5872202377   0.6724994888   0.7478271928   0.8122538825   0.8650521897   0.9057294596   0.9340349033   0.9499611440   0.9537401474   0.9458336616   0.9269184267   0.8978665400   0.8597214757   0.8136703691   0.7610132565
  -0.2557104196  -0.2732895843  -0.2886529175  -0.3013662965  -0.3110333660  -0.3173058122  -0.3198926185  -0.3185680741  -0.3131783298  -0.3036463366  -0.2899750357  -0.2722487153  -0.2506324906  -0.2253699116  -0.1967787457  -0.1652450294  -0.1312155233  -0.0951887439  -0.0577047812  -0.0193341390   0.0193341392   0.0577047814   0.0951887441   0.1312155235   0.1652450296   0.1967787458   0.2253699117   0.2506324907   0.2722487154   0.2899750358   0.3036463366   0.3131783298   0.3185680741   0.3198926185   0.3173058122   0.3110333660   0.3013662964   0.2886529175   0.2732895842   0.2557104195
   0.2557104222   0.2732895871   0.2886529205   0.3013662996   0.3110333693   0.3173058155   0.3198926219   0.3185680774   0.3131783331   0.3036463398   0.2899750387   0.2722487181   0.2506324932   0.2253699139   0.1967787477   0.1652450311   0.1312155247   0.0951887449   0.0577047818   0.0193341392  -0.0193341394  -0.0577047820  -0.0951887451  -0.1312155249  -0.1652450313  -0.1967787479  -0.2253699141  -0.2506324934  -0.2722487182  -0.2899750388  -0.3036463398  -0.3131783331  -0.3185680774  -0.3198926219  -0.3173058155  -0.3110333692  -0.3013662996  -0.2886529205  -0.2732895870  -0.2557104221
   0.7610132594   0.8136703721   0.8597214789   0.8978665432   0.9269184300   0.9458336649   0.9537401507   0.9499611473   0.9340349064   0.9057294625   0.8650521924   0.8122538850   0.7478271950   0.6724994907   0.5872202393   0.4931432099   0.3916038970   0.2840926841   0.1722243718   0.0577047814  -0.0577047820  -0.1722243724  -0.2840926847  -0.3916038975  -0.4931432104  -0.5872202397  -0.6724994911  -0.7478271954  -0.8122538853  -0.8650521927  -0.9057294627  -0.9340349065  -0.9499611473  -0.9537401507  -0.9458336648  -0.9269184299  -0.8978665430  -0.8597214786  -0.8136703719  -0.7610132591
   1.2481116283   1.3356053497   1.4122264147   1.4758158644   1.5244015744   1.5562493203   1.5699087959   1.5642534320   1.5385130076   1.4922982229   1.4256165931   1.3388792326   1.2328983204   1.1088752623   0.9683797895   0.8133204578   0.6459072133   0.4686068921   0.2840926837   0.0951887441  -0.0951887451  -0.2840926847  -0.4686068930  -0.6459072143  -0.8133204586  -0.9683797903  -1.1088752630  -1.2328983210  -1.3388792331  -1.4256165935  -1.4922982232  -1.5385130077  -1.5642534321  -1.5699087959  -1.5562493202  -1.5244015742  -1.4758158641  -1.4122264143  -1.3356053493  -1.2481116278
   1.7053640261   1.8272914962   1.9342824190   2.0233305451   2.0916884144   2.1369384282   2.1570569062   2.1504695236   2.1160967284   2.0533879787   1.9623439123   1.8435258459   1.6980523153   1.5275826745   1.3342880912   1.1208105783   0.8902109946   0.6459072129   0.3916038962   0.1312155235  -0.1312155249  -0.3916038975  -0.6459072143  -0.8902109958  -1.1208105795  -1.3342880922  -1.5275826755  -1.6980523161  -1.8435258466  -1.9623439128  -2.0533879791  -2.1160967286  -2.1504695237  -2.1570569061  -2.1369384280  -2.0916884141  -2.0233305447  -1.9342824185  -1.8272914956  -1.7053640254
   2.1218583901   2.2776543493   2.4147272731   2.5292398639   2.6176828446   2.6769656196   2.7044980039   2.6982609716   2.6568646392   2.5795920049   2.4664273088   2.3180682490   2.1359216797   1.9220828190   1.6792983915   1.4109145235   1.1208105779   0.8133204570   0.4931432087   0.1652450296  -0.1652450313  -0.4931432104  -0.8133204586  -1.1208105795  -1.4109145250  -1.6792983928  -1.9220828202  -2.1359216807  -2.3180682498  -2.4664273095  -2.5795920054  -2.6568646395  -2.6982609717  -2.7044980038  -2.6769656193  -2.6176828442  -2.5292398634  -2.4147272724  -2.2776543485  -2.1218583893
   2.4876786498   2.6766143322   2.8433862639   2.9833469086   3.0922425560   3.1663230405   3.2024406721   3.1981359035   3.1517075728   3.0622659338   2.9297670986   2.7550279663   2.5397211876   2.2863501924   1.9982047995   1.6792983911   1.3342880904   0.9683797884   0.5872202377   0.1967787458  -0.1967787479  -0.5872202397  -0.9683797903  -1.3342880922  -1.6792983928  -1.9982048011  -2.2863501939  -2.5397211888  -2.7550279674  -2.9297670994  -3.0622659344  -3.1517075731  -3.1981359036  -3.2024406720  -3.1663230402  -3.0922425555  -2.9833469080  -2.8433862631  -2.6766143312  -2.4876786487
   2.7941468003   3.0153287202   3.2113125135   3.3766657228   3.5064114524   3.5961564981   3.6422069113   3.6416681061   3.5925269890   3.4937140210   3.3451436076   3.1477317347   2.9033903217   2.6149983248   2.2863501920   1.9220828182   1.5275826733   1.1088752607   0.6724994888   0.2253699117  -0.2253699141  -0.6724994911  -1.1088752630  -1.5275826755  -1.9220828202  -2.2863501939  -2.6149983264  -2.9033903231  -3.1477317359  -3.3451436085  -3.4937140216  -3.5925269893  -3.6416681062  -3.6422069111  -3.5961564977  -3.5064114518  -3.3766657220  -3.2113125126  -3.0153287191  -2.7941467991
   3.0340345518   3.2864033300   3.5109973658   3.7016290330   3.8526233529   3.9589637796   4.0164237301   4.0216805709   3.9724091951   3.8673528107   3.7063691158   3.4904506284   3.2217185673   2.9033903213   2.5397211868   2.1359216785   1.6980523138   1.2328983185   0.7478271928   0.2506324907  -0.2506324934  -0.7478271954  -1.2328983210  -1.6980523161  -2.1359216807  -2.5397211888  -2.9033903231  -3.2217185688  -3.4904506297  -3.7063691168  -3.8673528114  -3.9724091955  -4.0216805710  -4.0164237299  -3.9589637792  -3.8526233522  -3.7016290321  -3.5109973647  -3.2864033287  -3.0340345504
   3.2017393525   3.4840687559   3.7365457130   3.9522615247   4.1248720694   4.2487603820   4.3191833886   4.3323991314   4.2857712880   4.1778483335   4.0084153100   3.7785168283   3.4904506280   3.1477317340   2.7550279652   2.3180682474   1.8435258440   1.3388792304   0.8122538825   0.2722487154  -0.2722487182  -0.8122538853  -1.3388792331  -1.8435258466  -2.3180682498  -2.7550279674  -3.1477317359  -3.4904506297  -3.7785168297  -4.0084153111  -4.1778483343  -4.2857712884  -4.3323991315  -4.3191833883  -4.2487603815  -4.1248720686  -3.9522615236  -3.7365457118  -3.4840687545  -3.2017393509
   3.2934204670   3.6043168500   3.8838120024   4.1243144812   4.3188437699   4.4612086883   4.5461684793   4.5695725518   4.5284753740   4.4212236097   4.2475132609   4.0084153096   3.7063691150   3.3451436065   2.9297670971   2.4664273069   1.9623439101   1.4256165906   0.8650521897   0.2899750358  -0.2899750388  -0.8650521927  -1.4256165935  -1.9623439128  -2.4664273095  -2.9297670994  -3.3451436085  -3.7063691168  -4.0084153111  -4.2475132620  -4.4212236105  -4.5284753744  -4.5695725518  -4.5461684790  -4.4612086877  -4.3188437690  -4.1243144801  -3.8838120011  -3.6043168484  -3.2934204654
   3.3070917677   3.6449941197   3.9504936318   4.2153585473   4.4320084655   4.5937075231   4.6947388923   4.7305562463   4.6979083972   4.5949339582   4.4212236094   4.1778483328   3.8673528096   3.4937140195   3.0622659320   2.5795920027   2.0533879763   1.4922982202   0.9057294596   0.3036463366  -0.3036463398  -0.9057294627  -1.4922982232  -2.0533879791  -2.5795920054  -3.0622659344  -3.4937140216  -3.8673528114  -4.1778483343  -4.4212236105  -4.5949339589  -4.6979083975  -4.7305562463  -4.6947388919  -4.5937075225  -4.4320084645  -4.2153585460  -3.9504936303  -3.6449941180  -3.3070917658
   3.2426689663   3.6058497761   3.9361794868   4.2248324059   4.4636684583   4.6454399871   4.7639786415   4.8143576969   4.7930257465   4.6979083969   4.5284753734   4.2857712870   3.9724091937   3.5925269872   3.1517075707   2.6568646368   2.1160967257   1.5385130046   0.9340349033   0.3131783298  -0.3131783331  -0.9340349065  -1.5385130077  -2.1160967286  -2.6568646395  -3.1517075731  -3.5925269893  -3.9724091955  -4.2857712884  -4.5284753744  -4.6979083975  -4.7930257468  -4.8143576968  -4.7639786411  -4.6454399864  -4.4636684572  -4.2248324045  -3.9361794851  -3.6058497743  -3.2426689643
   3.1019701340   3.4885372803   3.8423524754   4.1540462392   4.4149626428   4.6173784935   4.7547015124   4.8216425725   4.8143576966   4.7305562456   4.5695725508   4.3323991301   4.0216805692   3.6416681040   3.1981359011   2.6982609690   2.1504695208   1.5642534289   0.9499611440   0.3185680741  -0.3185680774  -0.9499611473  -1.5642534321  -2.1504695237  -2.6982609717  -3.1981359036  -3.6416681062  -4.0216805710  -4.3323991315  -4.5695725518  -4.7305562463  -4.8143576968  -4.8216425724  -4.7547015119  -4.6173784926  -4.4149626415  -4.1540462377  -3.8423524736  -3.4885372783  -3.1019701319
   2.8886695057   3.2965693775   3.6723460444   4.0061399516   4.2888266345   4.5122469750   4.6694154950   4.7547015121   4.7639786409   4.6947388914   4.5461684780   4.3191833869   4.0164237281   3.6422069090   3.2024406696   2.7044980011   2.1570569032   1.5699087928   0.9537401474   0.3198926185  -0.3198926219  -0.9537401507  -1.5699087959  -2.1570569061  -2.7044980038  -3.2024406720  -3.6422069111  -4.0164237299  -4.3191833883  -4.5461684790  -4.6947388919  -4.7639786411  -4.7547015119  -4.6694154943  -4.5122469740  -4.2888266331  -4.0061399500  -3.6723460426  -3.2965693755  -2.8886695035
   2.6082057143   3.0352277544   3.4312557912   3.7859972421   4.0899097806   4.3344412780   4.5122469747   4.6173784929   4.6454399863   4.5937075220   4.4612086868   4.2487603802   3.9589637775   3.5961564957   3.1663230378   2.6769656166   2.1369384251   1.5562493170   0.9458336616   0.3173058122  -0.3173058155  -0.9458336648  -1.5562493202  -2.1369384280  -2.6769656193  -3.1663230402  -3.5961564977  -3.9589637792  -4.2487603815  -4.4612086877  -4.5937075225  -4.6454399864  -4.6173784926  -4.5122469740  -4.3344412769  -4.0899097792  -3.7859972404  -3.4312557893  -3.0352277523  -2.6082057120
   2.2676467245   2.7114295655   3.1258083857   3.5001176959   3.8244511615   4.0899097804   4.2888266340   4.4149626420   4.4636684572   4.4320084641   4.3188437682   4.1248720674   3.8526233506   3.5064114498   3.0922425532   2.6176828416   2.0916884112   1.5244015712   0.9269184267   0.3110333660  -0.3110333692  -0.9269184299  -1.5244015742  -2.0916884141  -2.6176828442  -3.0922425555  -3.5064114518  -3.8526233522  -4.1248720686  -4.3188437690  -4.4320084645  -4.4636684572  -4.4149626415  -4.2888266331  -4.0899097792  -3.8244511600  -3.5001176941  -3.1258083836  -2.7114295633  -2.2676467221
   1.8755147967   2.3335541380   2.7641910655   3.1564500910   3.5001176957   3.7859972417   4.0061399510   4.1540462383   4.2248324047   4.2153585457   4.1243144794   3.9522615225   3.7016290306   3.3766657201   2.9833469058   2.5292398609   2.0233305419   1.4758158611   0.8978665400   0.3013662964  -0.3013662996  -0.8978665430  -1.4758158641  -2.0233305447  -2.5292398634  -2.9833469080  -3.3766657220  -3.7016290321  -3.9522615236  -4.1243144801  -4.2153585460  -4.2248324045  -4.1540462377  -4.0061399500  -3.7859972404  -3.5001176941  -3.1564500890  -2.7641910633  -2.3335541357  -1.8755147943
   1.4415757992   1.9112341396   2.3558459322   2.7641910653   3.1258083854   3.4312557907   3.6723460436   3.8423524743   3.9361794854   3.9504936302   3.8838120005   3.7365457108   3.5109973634   3.2113125108   2.8433862610   2.4147272700   1.9342824159   1.4122264115   0.8597214757   0.2886529175  -0.2886529205  -0.8597214786  -1.4122264143  -1.9342824185  -2.4147272724  -2.8433862631  -3.2113125126  -3.5109973647  -3.7365457118  -3.8838120011  -3.9504936303  -3.9361794851  -3.8423524736  -3.6723460426  -3.4312557893  -3.1258083836  -2.7641910633  -2.3558459300  -1.9112341372  -1.4415757967
   0.9765980597   1.4551163672   1.9112341395   2.3335541378   2.7114295651   3.0352277538   3.2965693766   3.4885372791   3.6058497747   3.6449941180   3.6043168480   3.4840687537   3.2864033275   3.0153287175   2.6766143293   2.2776543463   1.8272914932   1.3356053466   0.8136703691   0.2732895842  -0.2732895870  -0.8136703719  -1.3356053493  -1.8272914956  -2.2776543485  -2.6766143312  -3.0153287191  -3.2864033287  -3.4840687545  -3.6043168484  -3.6449941180  -3.6058497743  -3.4885372783  -3.2965693755  -3.0352277523  -2.7114295633  -2.3335541357  -1.9112341372  -1.4551163648  -0.9765980572
   0.4920867000   0.9765980597   1.4415757991   1.8755147964   2.2676467240   2.6082057136   2.8886695048   3.1019701329   3.2426689648   3.3070917660   3.2934204651   3.2017393503   3.0340345493   2.7941467977   2.4876786470   2.1218583872   1.7053640231   1.2481116253   0.7610132565   0.2557104195  -0.2557104221  -0.7610132591  -1.2481116278  -1.7053640254  -2.1218583893  -2.4876786487  -2.7941467991  -3.0340345504  -3.2017393509  -3.2934204654  -3.3070917658  -3.2426689643  -3.1019701319  -2.8886695035  -2.6082057120  -2.2676467221  -1.8755147943  -1.4415757967  -0.9765980572  -0.4920866975
