   0.9755282581   0.8800367553   0.6984011233   0.4484011232   0.1545084970  -0.1545084974  -0.4484011236  -0.6984011235  -0.8800367555  -0.9755282582
   0.8800367553   0.7938926261   0.6300367553   0.4045084971   0.1393841288  -0.1393841292  -0.4045084974  -0.6300367555  -0.7938926263  -0.8800367554
   0.6984011233   0.6300367553   0.4999999999   0.3210197608   0.1106158709  -0.1106158712  -0.3210197611  -0.5000000001  -0.6300367554  -0.6984011233
   0.4484011232   0.4045084971   0.3210197608   0.2061073737   0.0710197609  -0.0710197610  -0.2061073739  -0.3210197610  -0.4045084971  -0.4484011232
   0.1545084970   0.1393841288   0.1106158709   0.0710197609   0.0244717418  -0.0244717419  -0.0710197609  -0.1106158709  -0.1393841288  -0.1545084970
  -0.1545084974  -0.1393841292  -0.1106158712  -0.0710197610  -0.0244717419   0.0244717419   0.0710197611   0.1106158712   0.1393841292   0.1545084974
  -0.4484011236  -0.4045084974  -0.3210197611  -0.2061073739  -0.0710197609   0.0710197611   0.2061073741   0.3210197612   0.4045084975   0.4484011236
  -0.6984011235  -0.6300367555  -0.5000000001  -0.3210197610  -0.1106158709   0.1106158712   0.3210197612   0.5000000003   0.6300367556   0.6984011236
  -0.8800367555  -0.7938926263  -0.6300367554  -0.4045084971  -0.1393841288   0.1393841292   0.4045084975   0.6300367556   0.7938926264   0.8800367555
  -0.9755282582  -0.8800367554  -0.6984011233  -0.4484011232  -0.1545084970   0.1545084974   0.4484011236   0.6984011236   0.8800367555   0.9755282583
