   0.9938441703   0.9693724284   0.9210315202   0.8500117592   0.7580618877   0.6474460167   0.5208878759   0.3815037469   0.2327257295   0.0782172323  -0.0782172327  -0.2327257299  -0.3815037473  -0.5208878763  -0.6474460170  -0.7580618880  -0.8500117595  -0.9210315204  -0.9693724285  -0.9938441703
   0.9693724284   0.9455032621   0.8983526675   0.8290816487   0.7393958882   0.6315037470   0.5080618877   0.3721098585   0.2269952497   0.0762912645  -0.0762912649  -0.2269952501  -0.3721098589  -0.5080618880  -0.6315037473  -0.7393958884  -0.8290816489  -0.8983526676  -0.9455032622  -0.9693724285
   0.9210315202   0.8983526675   0.8535533906   0.7877367964   0.7025235079   0.6000117592   0.4827257296   0.3535533905   0.2156753935   0.0724867525  -0.0724867529  -0.2156753938  -0.3535533908  -0.4827257299  -0.6000117595  -0.7025235082  -0.7877367966  -0.8535533907  -0.8983526675  -0.9210315203
   0.8500117592   0.8290816487   0.7877367964   0.7269952498   0.6483526674   0.5537454906   0.4455032620   0.3262912645   0.1990448933   0.0668973761  -0.0668973765  -0.1990448936  -0.3262912649  -0.4455032623  -0.5537454908  -0.6483526676  -0.7269952500  -0.7877367965  -0.8290816488  -0.8500117593
   0.7580618877   0.7393958882   0.7025235079   0.6483526674   0.5782172324   0.4938441702   0.3973110255   0.2909947648   0.1775132472   0.0596607643  -0.0596607646  -0.1775132475  -0.2909947651  -0.3973110258  -0.4938441704  -0.5782172326  -0.6483526676  -0.7025235081  -0.7393958882  -0.7580618877
   0.6474460167   0.6315037470   0.6000117592   0.5537454906   0.4938441702   0.4217827674   0.3393356730   0.2485330082   0.1516106358   0.0509551065  -0.0509551067  -0.1516106361  -0.2485330084  -0.3393356732  -0.4217827676  -0.4938441704  -0.5537454907  -0.6000117593  -0.6315037470  -0.6474460167
   0.5208878759   0.5080618877   0.4827257296   0.4455032620   0.3973110255   0.3393356730   0.2730047500   0.1999515440   0.1219748674   0.0409947648  -0.0409947650  -0.1219748676  -0.1999515442  -0.2730047502  -0.3393356732  -0.3973110256  -0.4455032621  -0.4827257297  -0.5080618877  -0.5208878759
   0.3815037469   0.3721098585   0.3535533905   0.3262912645   0.2909947648   0.2485330082   0.1999515440   0.1464466093   0.0893356730   0.0300249960  -0.0300249961  -0.0893356732  -0.1464466094  -0.1999515442  -0.2485330083  -0.2909947649  -0.3262912646  -0.3535533905  -0.3721098586  -0.3815037469
   0.2327257295   0.2269952497   0.2156753935   0.1990448933   0.1775132472   0.1516106358   0.1219748674   0.0893356730   0.0544967378   0.0183159121  -0.0183159122  -0.0544967379  -0.0893356731  -0.1219748675  -0.1516106359  -0.1775132472  -0.1990448933  -0.2156753935  -0.2269952497  -0.2327257295
   0.0782172323   0.0762912645   0.0724867525   0.0668973761   0.0596607643   0.0509551065   0.0409947648   0.0300249960   0.0183159121   0.0061558297  -0.0061558297  -0.0183159121  -0.0300249960  -0.0409947648  -0.0509551065  -0.0596607643  -0.0668973761  -0.0724867525  -0.0762912645  -0.0782172323
  -0.0782172327  -0.0762912649  -0.0724867529  -0.0668973765  -0.0596607646  -0.0509551067  -0.0409947650  -0.0300249961  -0.0183159122  -0.0061558297   0.0061558297   0.0183159122   0.0300249962   0.0409947650   0.0509551068   0.0596607646   0.0668973765   0.0724867529   0.0762912649   0.0782172327
  -0.2327257299  -0.2269952501  -0.2156753938  -0.1990448936  -0.1775132475  -0.1516106361  -0.1219748676  -0.0893356732  -0.0544967379  -0.0183159121   0.0183159122   0.0544967380   0.0893356733   0.1219748677   0.1516106361   0.1775132475   0.1990448936   0.2156753939   0.2269952501   0.2327257299
  -0.3815037473  -0.3721098589  -0.3535533908  -0.3262912649  -0.2909947651  -0.2485330084  -0.1999515442  -0.1464466094  -0.0893356731  -0.0300249960   0.0300249962   0.0893356733   0.1464466096   0.1999515444   0.2485330085   0.2909947652   0.3262912649   0.3535533909   0.3721098589   0.3815037473
  -0.5208878763  -0.5080618880  -0.4827257299  -0.4455032623  -0.3973110258  -0.3393356732  -0.2730047502  -0.1999515442  -0.1219748675  -0.0409947648   0.0409947650   0.1219748677   0.1999515444   0.2730047504   0.3393356734   0.3973110259   0.4455032624   0.4827257300   0.5080618881   0.5208878763
  -0.6474460170  -0.6315037473  -0.6000117595  -0.5537454908  -0.4938441704  -0.4217827676  -0.3393356732  -0.2485330083  -0.1516106359  -0.0509551065   0.0509551068   0.1516106361   0.2485330085   0.3393356734   0.4217827678   0.4938441706   0.5537454910   0.6000117596   0.6315037473   0.6474460170
  -0.7580618880  -0.7393958884  -0.7025235082  -0.6483526676  -0.5782172326  -0.4938441704  -0.3973110256  -0.2909947649  -0.1775132472  -0.0596607643   0.0596607646   0.1775132475   0.2909947652   0.3973110259   0.4938441706   0.5782172328   0.6483526678   0.7025235083   0.7393958885   0.7580618880
  -0.8500117595  -0.8290816489  -0.7877367966  -0.7269952500  -0.6483526676  -0.5537454907  -0.4455032621  -0.3262912646  -0.1990448933  -0.0668973761   0.0668973765   0.1990448936   0.3262912649   0.4455032624   0.5537454910   0.6483526678   0.7269952502   0.7877367967   0.8290816490   0.8500117595
  -0.9210315204  -0.8983526676  -0.8535533907  -0.7877367965  -0.7025235081  -0.6000117593  -0.4827257297  -0.3535533905  -0.2156753935  -0.0724867525   0.0724867529   0.2156753939   0.3535533909   0.4827257300   0.6000117596   0.7025235083   0.7877367967   0.8535533908   0.8983526677   0.9210315204
  -0.9693724285  -0.9455032622  -0.8983526675  -0.8290816488  -0.7393958882  -0.6315037470  -0.5080618877  -0.3721098586  -0.2269952497  -0.0762912645   0.0762912649   0.2269952501   0.3721098589   0.5080618881   0.6315037473   0.7393958885   0.8290816490   0.8983526677   0.9455032623   0.9693724286
  -0.9938441703  -0.9693724285  -0.9210315203  -0.8500117593  -0.7580618877  -0.6474460167  -0.5208878759  -0.3815037469  -0.2327257295  -0.0782172323   0.0782172327   0.2327257299   0.3815037473   0.5208878763   0.6474460170   0.7580618880   0.8500117595   0.9210315204   0.9693724286   0.9938441704
