   0.0122737067   0.0356196841   0.0554789586   0.0699075662   0.0774931341   0.0774931341   0.0699075662   0.0554789586   0.0356196841   0.0122737066  -0.0122737067  -0.0356196841  -0.0554789587  -0.0699075662  -0.0774931341  -0.0774931341  -0.0699075662  -0.0554789586  -0.0356196840  -0.0122737066
   0.0365189006   0.1059819774   0.1650707999   0.2080013423   0.2305712641   0.2305712641   0.2080013422   0.1650707998   0.1059819773   0.0365189005  -0.0365189007  -0.1059819775  -0.1650707999  -0.2080013423  -0.2305712641  -0.2305712641  -0.2080013422  -0.1650707997  -0.1059819773  -0.0365189004
   0.0598648780   0.1737346427   0.2705980501   0.3409734350   0.3779719643   0.3779719643   0.3409734349   0.2705980500   0.1737346426   0.0598648779  -0.0598648782  -0.1737346429  -0.2705980502  -0.3409734351  -0.3779719644  -0.3779719643  -0.3409734349  -0.2705980499  -0.1737346425  -0.0598648777
   0.0817367835   0.2372093846   0.3694622784   0.4655496301   0.5160657404   0.5160657404   0.4655496300   0.3694622782   0.2372093844   0.0817367833  -0.0817367837  -0.2372093848  -0.3694622785  -0.4655496302  -0.5160657405  -0.5160657404  -0.4655496299  -0.3694622780  -0.2372093842  -0.0817367831
   0.1015960580   0.2948432441   0.4592291191   0.5786624483   0.6414522652   0.6414522652   0.5786624482   0.4592291189   0.2948432438   0.1015960578  -0.1015960583  -0.2948432443  -0.4592291193  -0.5786624484  -0.6414522653  -0.6414522652  -0.5786624480  -0.4592291187  -0.2948432436  -0.1015960575
   0.1189537005   0.3452170844   0.5376882148   0.6775266765   0.7510441064   0.7510441064   0.6775266764   0.5376882146   0.3452170841   0.1189537002  -0.1189537008  -0.3452170847  -0.5376882151  -0.6775266766  -0.7510441065  -0.7510441063  -0.6775266762  -0.5376882144  -0.3452170838  -0.1189536999
   0.1333823080   0.3870905344   0.6029076422   0.7597079493   0.8421427491   0.8421427491   0.7597079492   0.6029076420   0.3870905341   0.1333823077  -0.1333823084  -0.3870905347  -0.6029076425  -0.7597079495  -0.8421427492  -0.8421427490  -0.7597079490  -0.6029076417  -0.3870905338  -0.1333823073
   0.1445266005   0.4194325307   0.6532814825   0.8231826911   0.9125050425   0.9125050424   0.8231826910   0.6532814823   0.4194325304   0.1445266001  -0.1445266008  -0.4194325311  -0.6532814828  -0.8231826913  -0.9125050425  -0.9125050423  -0.8231826908  -0.6532814820  -0.4194325301  -0.1445265997
   0.1521121683   0.4414467062   0.6875693646   0.8663879431   0.9603984332   0.9603984331   0.8663879429   0.6875693644   0.4414467058   0.1521121680  -0.1521121687  -0.4414467065  -0.6875693649  -0.8663879433  -0.9603984333  -0.9603984331  -0.8663879427  -0.6875693641  -0.4414467055  -0.1521121676
   0.1559522298   0.4525909986   0.7049270070   0.8882598485   0.9846436271   0.9846436270   0.8882598483   0.7049270068   0.4525909982   0.1559522294  -0.1559522302  -0.4525909990  -0.7049270073  -0.8882598487  -0.9846436272  -0.9846436270  -0.8882598481  -0.7049270065  -0.4525909979  -0.1559522290
   0.1559522298   0.4525909986   0.7049270070   0.8882598485   0.9846436271   0.9846436270   0.8882598483   0.7049270067   0.4525909982   0.1559522294  -0.1559522302  -0.4525909990  -0.7049270073  -0.8882598487  -0.9846436271  -0.9846436269  -0.8882598481  -0.7049270064  -0.4525909979  -0.1559522290
   0.1521121683   0.4414467061   0.6875693646   0.8663879430   0.9603984331   0.9603984330   0.8663879428   0.6875693643   0.4414467058   0.1521121679  -0.1521121687  -0.4414467065  -0.6875693648  -0.8663879432  -0.9603984332  -0.9603984330  -0.8663879427  -0.6875693640  -0.4414467054  -0.1521121675
   0.1445266004   0.4194325307   0.6532814824   0.8231826910   0.9125050423   0.9125050422   0.8231826908   0.6532814822   0.4194325303   0.1445266001  -0.1445266008  -0.4194325310  -0.6532814827  -0.8231826912  -0.9125050424  -0.9125050422  -0.8231826907  -0.6532814819  -0.4194325300  -0.1445265997
   0.1333823080   0.3870905343   0.6029076421   0.7597079492   0.8421427489   0.8421427489   0.7597079490   0.6029076418   0.3870905340   0.1333823076  -0.1333823083  -0.3870905346  -0.6029076423  -0.7597079493  -0.8421427490  -0.8421427488  -0.7597079488  -0.6029076416  -0.3870905337  -0.1333823073
   0.1189537004   0.3452170843   0.5376882146   0.6775266763   0.7510441062   0.7510441061   0.6775266761   0.5376882144   0.3452170840   0.1189537001  -0.1189537007  -0.3452170846  -0.5376882149  -0.6775266764  -0.7510441062  -0.7510441061  -0.6775266760  -0.5376882142  -0.3452170837  -0.1189536998
   0.1015960580   0.2948432439   0.4592291189   0.5786624480   0.6414522649   0.6414522649   0.5786624479   0.4592291187   0.2948432437   0.1015960577  -0.1015960583  -0.2948432442  -0.4592291191  -0.5786624481  -0.6414522650  -0.6414522649  -0.5786624478  -0.4592291185  -0.2948432435  -0.1015960575
   0.0817367834   0.2372093844   0.3694622781   0.4655496298   0.5160657401   0.5160657400   0.4655496297   0.3694622780   0.2372093842   0.0817367832  -0.0817367836  -0.2372093846  -0.3694622783  -0.4655496299  -0.5160657401  -0.5160657400  -0.4655496296  -0.3694622778  -0.2372093840  -0.0817367830
   0.0598648780   0.1737346426   0.2705980499   0.3409734347   0.3779719640   0.3779719639   0.3409734346   0.2705980498   0.1737346424   0.0598648778  -0.0598648781  -0.1737346427  -0.2705980500  -0.3409734347  -0.3779719640  -0.3779719639  -0.3409734345  -0.2705980496  -0.1737346423  -0.0598648777
   0.0365189006   0.1059819772   0.1650707996   0.2080013419   0.2305712637   0.2305712637   0.2080013419   0.1650707995   0.1059819772   0.0365189005  -0.0365189007  -0.1059819773  -0.1650707996  -0.2080013420  -0.2305712637  -0.2305712637  -0.2080013418  -0.1650707994  -0.1059819771  -0.0365189004
   0.0122737066   0.0356196839   0.0554789584   0.0699075658   0.0774931337   0.0774931337   0.0699075658   0.0554789583   0.0356196839   0.0122737066  -0.0122737066  -0.0356196839  -0.0554789584  -0.0699075658  -0.0774931337  -0.0774931337  -0.0699075658  -0.0554789583  -0.0356196838  -0.0122737065
