   0.1548671817   0.1510538377   0.1435210469   0.1324542916   0.1181260721   0.1008891966   0.0811680943   0.0594483641   0.0362648178   0.0121883115  -0.0121883116  -0.0362648180  -0.0594483642  -0.0811680944  -0.1008891967  -0.1181260722  -0.1324542918  -0.1435210471  -0.1510538378  -0.1548671818
   0.1549042779   0.1510900204   0.1435554253   0.1324860191   0.1181543674   0.1009133631   0.0811875369   0.0594626041   0.0362735046   0.0121912310  -0.0121912312  -0.0362735047  -0.0594626042  -0.0811875371  -0.1009133633  -0.1181543676  -0.1324860193  -0.1435554254  -0.1510900206  -0.1549042780
   0.1549748390   0.1511588441   0.1436208168   0.1325463684   0.1182081885   0.1009593306   0.0812245190   0.0594896901   0.0362900277   0.0121967843  -0.0121967844  -0.0362900278  -0.0594896903  -0.0812245192  -0.1009593308  -0.1182081886  -0.1325463686  -0.1436208170  -0.1511588443  -0.1549748392
   0.1550719581   0.1512535718   0.1437108206   0.1326294321   0.1182822667   0.1010225994   0.0812754205   0.0595269709   0.0363127698   0.0122044277  -0.0122044279  -0.0363127699  -0.0595269711  -0.0812754206  -0.1010225996  -0.1182822669  -0.1326294322  -0.1437108208  -0.1512535720  -0.1550719582
   0.1551861284   0.1513649309   0.1438166264   0.1327270793   0.1183693510   0.1010969764   0.0813352588   0.0595707971   0.0363395047   0.0122134131  -0.0122134133  -0.0363395049  -0.0595707973  -0.0813352589  -0.1010969766  -0.1183693511  -0.1327270794  -0.1438166265  -0.1513649310  -0.1551861285
   0.1553061741   0.1514820207   0.1439278772   0.1328297516   0.1184609168   0.1011751810   0.0813981764   0.0596168787   0.0363676155   0.0122228609  -0.0122228611  -0.0363676157  -0.0596168788  -0.0813981766  -0.1011751811  -0.1184609169  -0.1328297518  -0.1439278773  -0.1514820209  -0.1553061743
   0.1554203444   0.1515933797   0.1440336829   0.1329273988   0.1185480010   0.1012495579   0.0814580147   0.0596607049   0.0363943504   0.0122318463  -0.0122318465  -0.0363943506  -0.0596607050  -0.0814580149  -0.1012495581  -0.1185480012  -0.1329273990  -0.1440336831  -0.1515933799  -0.1554203446
   0.1555174635   0.1516881074   0.1441236867   0.1330104625   0.1186220793   0.1013128268   0.0815089162   0.0596979856   0.0364170925   0.0122394897  -0.0122394899  -0.0364170927  -0.0596979858  -0.0815089164  -0.1013128269  -0.1186220794  -0.1330104627  -0.1441236869  -0.1516881076  -0.1555174637
   0.1555880246   0.1517569311   0.1441890782   0.1330708118   0.1186759003   0.1013587942   0.0815458983   0.0597250717   0.0364336156   0.0122450430  -0.0122450432  -0.0364336158  -0.0597250719  -0.0815458985  -0.1013587944  -0.1186759004  -0.1330708119  -0.1441890784  -0.1517569312  -0.1555880248
   0.1556251208   0.1517931138   0.1442234566   0.1331025393   0.1187041956   0.1013829608   0.0815653409   0.0597393117   0.0364423023   0.0122479626  -0.0122479627  -0.0364423025  -0.0597393119  -0.0815653411  -0.1013829609  -0.1187041958  -0.1331025394  -0.1442234568  -0.1517931140  -0.1556251210
   0.1556251208   0.1517931138   0.1442234566   0.1331025393   0.1187041956   0.1013829608   0.0815653409   0.0597393117   0.0364423023   0.0122479626  -0.0122479627  -0.0364423025  -0.0597393119  -0.0815653411  -0.1013829609  -0.1187041958  -0.1331025394  -0.1442234568  -0.1517931140  -0.1556251210
   0.1555880246   0.1517569311   0.1441890782   0.1330708118   0.1186759003   0.1013587942   0.0815458983   0.0597250717   0.0364336156   0.0122450430  -0.0122450432  -0.0364336158  -0.0597250719  -0.0815458985  -0.1013587944  -0.1186759004  -0.1330708119  -0.1441890784  -0.1517569312  -0.1555880248
   0.1555174635   0.1516881074   0.1441236867   0.1330104625   0.1186220793   0.1013128267   0.0815089162   0.0596979856   0.0364170925   0.0122394897  -0.0122394899  -0.0364170927  -0.0596979858  -0.0815089164  -0.1013128269  -0.1186220794  -0.1330104626  -0.1441236868  -0.1516881076  -0.1555174636
   0.1554203444   0.1515933797   0.1440336829   0.1329273988   0.1185480010   0.1012495579   0.0814580147   0.0596607049   0.0363943504   0.0122318463  -0.0122318465  -0.0363943506  -0.0596607050  -0.0814580149  -0.1012495581  -0.1185480011  -0.1329273990  -0.1440336831  -0.1515933799  -0.1554203446
   0.1553061741   0.1514820207   0.1439278771   0.1328297516   0.1184609167   0.1011751810   0.0813981764   0.0596168787   0.0363676155   0.0122228609  -0.0122228611  -0.0363676156  -0.0596168788  -0.0813981766  -0.1011751811  -0.1184609169  -0.1328297518  -0.1439278773  -0.1514820208  -0.1553061743
   0.1551861283   0.1513649308   0.1438166264   0.1327270793   0.1183693510   0.1010969764   0.0813352587   0.0595707971   0.0363395047   0.0122134131  -0.0122134133  -0.0363395049  -0.0595707973  -0.0813352589  -0.1010969766  -0.1183693511  -0.1327270794  -0.1438166265  -0.1513649310  -0.1551861285
   0.1550719580   0.1512535718   0.1437108206   0.1326294321   0.1182822667   0.1010225994   0.0812754205   0.0595269709   0.0363127698   0.0122044277  -0.0122044279  -0.0363127699  -0.0595269711  -0.0812754206  -0.1010225996  -0.1182822669  -0.1326294322  -0.1437108208  -0.1512535719  -0.1550719582
   0.1549748390   0.1511588441   0.1436208168   0.1325463684   0.1182081884   0.1009593306   0.0812245190   0.0594896901   0.0362900277   0.0121967843  -0.0121967844  -0.0362900278  -0.0594896903  -0.0812245191  -0.1009593308  -0.1182081886  -0.1325463685  -0.1436208170  -0.1511588443  -0.1549748391
   0.1549042778   0.1510900204   0.1435554252   0.1324860191   0.1181543674   0.1009133631   0.0811875369   0.0594626040   0.0362735045   0.0121912310  -0.0121912311  -0.0362735047  -0.0594626042  -0.0811875370  -0.1009133633  -0.1181543676  -0.1324860192  -0.1435554254  -0.1510900206  -0.1549042780
   0.1548671816   0.1510538377   0.1435210469   0.1324542916   0.1181260720   0.1008891966   0.0811680942   0.0594483640   0.0362648178   0.0121883115  -0.0121883116  -0.0362648180  -0.0594483642  -0.0811680944  -0.1008891967  -0.1181260722  -0.1324542917  -0.1435210470  -0.1510538378  -0.1548671818
